20160916 003222	abril	rpart	0	20	2	3	0	
20160916 003308	abril	rpart	0	20	2	4	1055833	
20160916 003408	abril	rpart	0	20	2	5	1151667	
20160916 003516	abril	rpart	0	20	2	6	998333.3	
20160916 003636	abril	rpart	0	20	2	7	1215833	
20160916 003811	abril	rpart	0	20	2	8	1217500	
20160916 003956	abril	rpart	0	20	2	9	1217500	
20160916 004153	abril	rpart	0	20	2	10	1145833	
20160916 004404	abril	rpart	0	20	2	11	1145833	
20160916 004626	abril	rpart	0	20	2	12	1145833	
20160916 004905	abril	rpart	0	20	2	13	1095833	
20160916 005152	abril	rpart	0	20	2	14	1095833	
20160916 005455	abril	rpart	0	20	2	15	1095833	
20160916 005814	abril	rpart	0	20	2	16	1095833	
20160916 010137	abril	rpart	0	20	2	17	1095833	
20160916 010520	abril	rpart	0	20	2	18	1095833	
20160916 010915	abril	rpart	0	20	2	19	1095833	
20160916 011315	abril	rpart	0	20	2	20	1095833	
20160916 011322	abril	rpart	0	20	3	3	0	
20160916 011416	abril	rpart	0	20	3	4	1055833	
20160916 011520	abril	rpart	0	20	3	5	1151667	
20160916 011636	abril	rpart	0	20	3	6	1063333	
20160916 011808	abril	rpart	0	20	3	7	1260833	
20160916 011951	abril	rpart	0	20	3	8	1254167	
20160916 012143	abril	rpart	0	20	3	9	1252500	
20160916 012353	abril	rpart	0	20	3	10	1240000	
20160916 012615	abril	rpart	0	20	3	11	1382500	
20160916 012843	abril	rpart	0	20	3	12	1334167	
20160916 013129	abril	rpart	0	20	3	13	1335833	
20160916 013419	abril	rpart	0	20	3	14	1335833	
20160916 013726	abril	rpart	0	20	3	15	1335833	
20160916 014045	abril	rpart	0	20	3	16	1335833	
20160916 014419	abril	rpart	0	20	3	17	1335833	
20160916 014757	abril	rpart	0	20	3	18	1335833	
20160916 015149	abril	rpart	0	20	3	19	1335833	
20160916 015550	abril	rpart	0	20	3	20	1335833	
20160916 015556	abril	rpart	0	20	4	3	0	
20160916 015647	abril	rpart	0	20	4	4	1055833	
20160916 015752	abril	rpart	0	20	4	5	1207500	
20160916 015907	abril	rpart	0	20	4	6	1119167	
20160916 020035	abril	rpart	0	20	4	7	1316667	
20160916 020218	abril	rpart	0	20	4	8	1310000	
20160916 020409	abril	rpart	0	20	4	9	1428333	
20160916 020613	abril	rpart	0	20	4	10	1437500	
20160916 020831	abril	rpart	0	20	4	11	1489167	
20160916 021104	abril	rpart	0	20	4	12	1440833	
20160916 021343	abril	rpart	0	20	4	13	1442500	
20160916 021641	abril	rpart	0	20	4	14	1442500	
20160916 021945	abril	rpart	0	20	4	15	1448333	
20160916 022300	abril	rpart	0	20	4	16	1448333	
20160916 022629	abril	rpart	0	20	4	17	1448333	
20160916 023002	abril	rpart	0	20	4	18	1448333	
20160916 023356	abril	rpart	0	20	4	19	1448333	
20160916 023755	abril	rpart	0	20	4	20	1448333	
20160916 023802	abril	rpart	0	20	5	3	0	
20160916 023857	abril	rpart	0	20	5	4	1055833	
20160916 023959	abril	rpart	0	20	5	5	1151667	
20160916 024117	abril	rpart	0	20	5	6	1120000	
20160916 024245	abril	rpart	0	20	5	7	1317500	
20160916 024430	abril	rpart	0	20	5	8	1428333	
20160916 024618	abril	rpart	0	20	5	9	1442500	
20160916 024824	abril	rpart	0	20	5	10	1445833	
20160916 025041	abril	rpart	0	20	5	11	1499167	
20160916 025313	abril	rpart	0	20	5	12	1415000	
20160916 025548	abril	rpart	0	20	5	13	1411667	
20160916 025840	abril	rpart	0	20	5	14	1411667	
20160916 030141	abril	rpart	0	20	5	15	1411667	
20160916 030456	abril	rpart	0	20	5	16	1411667	
20160916 030822	abril	rpart	0	20	5	17	1411667	
20160916 031159	abril	rpart	0	20	5	18	1393333	
20160916 031544	abril	rpart	0	20	5	19	1384167	
20160916 031947	abril	rpart	0	20	5	20	1328333	
20160916 031953	abril	rpart	0	50	2	3	0	
20160916 032047	abril	rpart	0	50	2	4	1055833	
20160916 032153	abril	rpart	0	50	2	5	1055833	
20160916 032306	abril	rpart	0	50	2	6	945000	
20160916 032433	abril	rpart	0	50	2	7	1140000	
20160916 032613	abril	rpart	0	50	2	8	1140000	
20160916 032807	abril	rpart	0	50	2	9	1140000	
20160916 033011	abril	rpart	0	50	2	10	1140000	
20160916 033233	abril	rpart	0	50	2	11	1140000	
20160916 033501	abril	rpart	0	50	2	12	1140000	
20160916 033743	abril	rpart	0	50	2	13	1140000	
20160916 034031	abril	rpart	0	50	2	14	1140000	
20160916 034335	abril	rpart	0	50	2	15	1140000	
20160916 034646	abril	rpart	0	50	2	16	1140000	
20160916 035010	abril	rpart	0	50	2	17	1140000	
20160916 035342	abril	rpart	0	50	2	18	1140000	
20160916 035727	abril	rpart	0	50	2	19	1140000	
20160916 040118	abril	rpart	0	50	2	20	1140000	
20160916 040127	abril	rpart	0	50	3	3	0	
20160916 040217	abril	rpart	0	50	3	4	1055833	
20160916 040317	abril	rpart	0	50	3	5	1055833	
20160916 040433	abril	rpart	0	50	3	6	925833.3	
20160916 040603	abril	rpart	0	50	3	7	1120833	
20160916 040744	abril	rpart	0	50	3	8	1120833	
20160916 040935	abril	rpart	0	50	3	9	1120833	
20160916 041142	abril	rpart	0	50	3	10	1120833	
20160916 041356	abril	rpart	0	50	3	11	1120833	
20160916 041627	abril	rpart	0	50	3	12	1120833	
20160916 041909	abril	rpart	0	50	3	13	1120833	
20160916 042159	abril	rpart	0	50	3	14	1120833	
20160916 042456	abril	rpart	0	50	3	15	1120833	
20160916 042812	abril	rpart	0	50	3	16	1120833	
20160916 043130	abril	rpart	0	50	3	17	1120833	
20160916 043502	abril	rpart	0	50	3	18	1120833	
20160916 043847	abril	rpart	0	50	3	19	1120833	
20160916 044240	abril	rpart	0	50	3	20	1120833	
20160916 044246	abril	rpart	0	50	4	3	0	
20160916 044339	abril	rpart	0	50	4	4	1055833	
20160916 044444	abril	rpart	0	50	4	5	1055833	
20160916 044559	abril	rpart	0	50	4	6	902500	
20160916 044731	abril	rpart	0	50	4	7	1097500	
20160916 044911	abril	rpart	0	50	4	8	1097500	
20160916 045103	abril	rpart	0	50	4	9	1097500	
20160916 045310	abril	rpart	0	50	4	10	1097500	
20160916 045525	abril	rpart	0	50	4	11	1097500	
20160916 045753	abril	rpart	0	50	4	12	1097500	
20160916 050034	abril	rpart	0	50	4	13	1097500	
20160916 050327	abril	rpart	0	50	4	14	1097500	
20160916 050628	abril	rpart	0	50	4	15	1097500	
20160916 050937	abril	rpart	0	50	4	16	1097500	
20160916 051259	abril	rpart	0	50	4	17	1097500	
20160916 051634	abril	rpart	0	50	4	18	1097500	
20160916 052014	abril	rpart	0	50	4	19	1097500	
20160916 052404	abril	rpart	0	50	4	20	1097500	
20160916 052412	abril	rpart	0	50	5	3	0	
20160916 052502	abril	rpart	0	50	5	4	1055833	
20160916 052607	abril	rpart	0	50	5	5	1055833	
20160916 052720	abril	rpart	0	50	5	6	902500	
20160916 052851	abril	rpart	0	50	5	7	1097500	
20160916 053031	abril	rpart	0	50	5	8	1097500	
20160916 053223	abril	rpart	0	50	5	9	1097500	
20160916 053430	abril	rpart	0	50	5	10	1097500	
20160916 053643	abril	rpart	0	50	5	11	1097500	
20160916 053909	abril	rpart	0	50	5	12	1097500	
20160916 054152	abril	rpart	0	50	5	13	1097500	
20160916 054437	abril	rpart	0	50	5	14	1097500	
20160916 054744	abril	rpart	0	50	5	15	1097500	
20160916 055054	abril	rpart	0	50	5	16	1097500	
20160916 055420	abril	rpart	0	50	5	17	1097500	
20160916 055753	abril	rpart	0	50	5	18	1097500	
20160916 060134	abril	rpart	0	50	5	19	1097500	
20160916 060531	abril	rpart	0	50	5	20	1097500	
20160916 060538	abril	rpart	0	100	2	3	0	
20160916 060629	abril	rpart	0	100	2	4	1055833	
20160916 060731	abril	rpart	0	100	2	5	1055833	
20160916 060847	abril	rpart	0	100	2	6	1055833	
20160916 061019	abril	rpart	0	100	2	7	1055833	
20160916 061202	abril	rpart	0	100	2	8	1055833	
20160916 061349	abril	rpart	0	100	2	9	1055833	
20160916 061555	abril	rpart	0	100	2	10	1055833	
20160916 061810	abril	rpart	0	100	2	11	1055833	
20160916 062035	abril	rpart	0	100	2	12	1055833	
20160916 062316	abril	rpart	0	100	2	13	1055833	
20160916 062602	abril	rpart	0	100	2	14	1055833	
20160916 062907	abril	rpart	0	100	2	15	1055833	
20160916 063215	abril	rpart	0	100	2	16	1055833	
20160916 063533	abril	rpart	0	100	2	17	1055833	
20160916 063859	abril	rpart	0	100	2	18	1055833	
20160916 064240	abril	rpart	0	100	2	19	1055833	
20160916 064622	abril	rpart	0	100	2	20	1055833	
20160916 064629	abril	rpart	0	100	3	3	0	
20160916 064723	abril	rpart	0	100	3	4	1055833	
20160916 064827	abril	rpart	0	100	3	5	1055833	
20160916 064944	abril	rpart	0	100	3	6	1055833	
20160916 065109	abril	rpart	0	100	3	7	1250833	
20160916 065252	abril	rpart	0	100	3	8	1250833	
20160916 065445	abril	rpart	0	100	3	9	1250833	
20160916 065651	abril	rpart	0	100	3	10	1250833	
20160916 065908	abril	rpart	0	100	3	11	1250833	
20160916 070138	abril	rpart	0	100	3	12	1250833	
20160916 070419	abril	rpart	0	100	3	13	1250833	
20160916 070707	abril	rpart	0	100	3	14	1250833	
20160916 071004	abril	rpart	0	100	3	15	1250833	
20160916 071314	abril	rpart	0	100	3	16	1250833	
20160916 071637	abril	rpart	0	100	3	17	1250833	
20160916 072006	abril	rpart	0	100	3	18	1250833	
20160916 072346	abril	rpart	0	100	3	19	1250833	
20160916 072737	abril	rpart	0	100	3	20	1250833	
20160916 072746	abril	rpart	0	100	4	3	0	
20160916 072838	abril	rpart	0	100	4	4	1055833	
20160916 072940	abril	rpart	0	100	4	5	1055833	
20160916 073054	abril	rpart	0	100	4	6	1055833	
20160916 073235	abril	rpart	0	100	4	7	1250833	
20160916 073416	abril	rpart	0	100	4	8	1250833	
20160916 073611	abril	rpart	0	100	4	9	1250833	
20160916 073820	abril	rpart	0	100	4	10	1250833	
20160916 074040	abril	rpart	0	100	4	11	1250833	
20160916 074308	abril	rpart	0	100	4	12	1250833	
20160916 074547	abril	rpart	0	100	4	13	1250833	
20160916 074834	abril	rpart	0	100	4	14	1250833	
20160916 075143	abril	rpart	0	100	4	15	1250833	
20160916 075503	abril	rpart	0	100	4	16	1250833	
20160916 075833	abril	rpart	0	100	4	17	1250833	
20160916 080209	abril	rpart	0	100	4	18	1250833	
20160916 080552	abril	rpart	0	100	4	19	1250833	
20160916 080945	abril	rpart	0	100	4	20	1250833	
20160916 080952	abril	rpart	0	100	5	3	0	
20160916 081043	abril	rpart	0	100	5	4	1055833	
20160916 081145	abril	rpart	0	100	5	5	1055833	
20160916 081304	abril	rpart	0	100	5	6	1055833	
20160916 081432	abril	rpart	0	100	5	7	1250833	
20160916 081613	abril	rpart	0	100	5	8	1250833	
20160916 081808	abril	rpart	0	100	5	9	1250833	
20160916 082015	abril	rpart	0	100	5	10	1250833	
20160916 082229	abril	rpart	0	100	5	11	1250833	
20160916 082502	abril	rpart	0	100	5	12	1250833	
20160916 082743	abril	rpart	0	100	5	13	1250833	
20160916 083032	abril	rpart	0	100	5	14	1250833	
20160916 083338	abril	rpart	0	100	5	15	1250833	
20160916 083651	abril	rpart	0	100	5	16	1250833	
20160916 084018	abril	rpart	0	100	5	17	1250833	
20160916 084406	abril	rpart	0	100	5	18	1250833	
20160916 084836	abril	rpart	0	100	5	19	1250833	
20160916 085253	abril	rpart	0	100	5	20	1250833	
20160916 085301	abril	rpart	0	200	2	3	0	
20160916 085407	abril	rpart	0	200	2	4	595000	
20160916 085528	abril	rpart	0	200	2	5	595000	
20160916 085717	abril	rpart	0	200	2	6	595000	
